 11 4624 0 0
 33 4278 0 0
 68 4102 0 0
 72 3809 0 0
 107 3650 0 0
 119 3473 0 1
 153 3391 0 0
 187 3175 0 0
 209 3005 0 0
 203 2896 0 0
 267 2730 0 0
 287 2633 0 0
 282 2578 0 0
 309 2403 0 0
 309 2295 0 0
 354 2134 0 0
 398 2159 0 0
 408 2014 1 0
 405 1920 0 0
 443 1798 0 0
 507 1781 0 1
 475 1631 0 0
 482 1558 0 0
 494 1497 0 0
 520 1487 0 0
 498 1266 0 1
 515 1304 0 1
 625 1233 0 0
 592 1172 0 0
 610 1151 0 0
 582 1065 0 0
 645 1026 0 0
 689 981 0 0
 690 882 0 0
 711 887 0 0
 638 810 0 0
 726 861 1 0
 701 806 0 0
 733 737 0 0
 756 739 0 0
 758 681 0 0
 774 625 0 0
 763 620 0 0
 786 589 0 0
 770 549 0 0
 795 558 0 0
 833 512 0 0
 866 531 0 0
 784 464 0 0
 881 461 0 0
 851 440 0 1
 859 381 0 0
 869 392 0 0
 831 382 0 0
 880 372 0 0
 890 352 0 0
 846 311 0 0
 855 331 0 0
 938 300 0 0
 865 275 0 0
 892 280 0 0
 906 292 1 0
 892 246 0 0
 907 251 0 0
 868 245 0 0
 883 230 0 0
 887 211 0 0
 879 234 1 0
 889 204 0 0
 898 189 0 0
 931 186 0 0
 922 187 0 0
 877 184 0 0
 884 137 0 0
 875 170 0 0
 879 170 0 0
 870 147 0 0
 838 140 0 0
 838 143 0 2
 854 157 0 0
 847 132 0 0
 892 125 0 0
 889 123 0 0
 819 121 1 1
 855 115 0 0
 811 103 0 0
 834 104 0 0
 793 100 1 0
 819 96 0 0
 764 95 0 0
 838 94 0 1
 778 80 0 0
 768 82 0 0
 723 83 0 0
 735 74 0 0
 781 67 0 0
 718 77 0 0
 713 79 0 0
 770 69 0 0
 698 79 0 0
 647 65 0 0
 625 66 0 0
 692 55 0 0
 667 59 1 0
 633 61 0 0
 643 53 0 0
 650 56 0 0
 627 48 0 0
 621 36 1 0
 582 52 0 0
 587 48 0 1
 610 43 0 0
 561 41 0 0
 553 41 0 0
 555 35 0 0
 512 35 0 0
 496 40 0 0
 529 39 0 0
 531 40 0 0
 456 32 0 0
 525 28 0 0
 510 21 1 0
 491 31 0 0
 475 27 0 0
 462 29 0 0
 476 32 0 0
 431 27 0 0
 431 32 1 0
 397 38 0 0
 431 33 1 1
 390 31 0 1
 382 23 0 0
 394 24 0 1
 362 23 0 0
 372 25 0 0
 375 29 0 1
 342 26 0 0
 365 18 0 1
 339 15 0 0
 322 20 1 0
 319 29 0 0
 337 24 0 0
 291 18 0 1
 278 14 0 0
 261 22 0 1
 281 16 0 1
 298 20 0 0
 256 10 0 0
 287 12 0 0
 257 20 0 1
 226 14 0 0
 254 17 1 0
 235 7 0 0
 220 12 1 0
 218 13 0 0
 213 13 0 0
 230 11 0 2
 220 12 1 1
 188 20 0 0
 197 15 0 0
 198 5 0 2
 180 13 0 0
 189 14 0 1
 184 10 1 0
 178 9 0 1
 169 5 0 3
 170 12 0 1
 139 16 0 1
 179 14 0 0
 145 10 0 0
 153 8 0 0
 121 11 0 2
 145 10 0 0
 149 13 1 0
 136 10 1 0
 117 22 1 1
 127 8 1 0
 134 12 0 1
 137 8 1 1
 116 15 0 0
 116 9 0 0
 111 8 1 0
 110 12 0 1
 100 3 0 0
 116 5 2 0
 97 6 0 0
 73 6 2 1
 103 7 1 0
 87 7 1 0
 83 8 1 2
 96 11 1 0
 72 8 0 0
 90 6 0 0
 73 10 3 0
 76 5 2 0
 60 4 0 0
 78 7 2 1
 77 4 2 2
 69 8 0 0
 79 4 0 2
 66 7 2 1
 65 3 4 1
 56 5 0 1
 63 9 0 1
 60 10 0 0
 54 5 0 0
 56 6 1 1
 49 4 0 3
 37 3 2 0
 59 8 3 5
 48 9 2 1
 40 3 0 0
 47 9 3 2
 44 6 0 1
 37 6 1 1
 43 3 1 1
 37 4 1 3
 46 3 0 2
 36 3 2 1
 30 8 0 2
 24 10 0 1
 37 2 2 2
 25 8 2 0
 31 4 1 3
 40 5 2 2
 29 4 1 2
 47 4 2 1
 36 4 2 3
 32 3 1 0
 29 3 0 2
 29 7 2 3
 23 7 1 0
 36 8 4 0
 27 1 3 4
 24 2 0 1
 19 4 4 2
 25 5 3 2
 35 3 3 2
 23 1 1 4
 18 6 2 5
 23 2 2 2
 25 2 3 1
 16 6 2 3
 14 2 4 2
 23 6 6 4
 18 2 0 3
 13 2 2 7
 15 2 1 5
 16 4 1 2
 16 4 1 4
 14 0 4 1
 20 7 2 3
 21 5 4 2
 9 6 1 3
 15 7 1 0
 17 6 5 3
 11 3 6 4
 11 1 2 4
 15 1 3 2
 20 5 3 3
 11 4 4 3
 14 2 5 2
 13 1 7 6
 16 4 3 10
 20 2 5 5
 16 4 2 6
 18 3 6 4
 7 0 2 6
 21 2 4 6
 10 6 4 3
 13 6 6 7
 4 2 6 8
 8 1 4 8
 11 2 5 9
 8 3 8 11
 14 3 6 11
 12 3 10 6
 11 1 12 4
 8 5 5 6
 7 2 9 9
 10 2 10 9
 6 3 8 7
 9 4 5 11
 7 4 11 7
 7 1 5 4
 10 2 7 17
 13 3 11 11
 7 3 12 17
 5 4 10 9
 12 3 14 9
 9 2 8 12
 10 4 17 18
 8 2 18 16
 6 2 16 14
 6 1 16 13
 4 1 12 22
 13 6 17 18
 7 2 21 25
 11 0 20 19
 6 3 19 17
 7 1 15 27
 5 0 29 24
 5 2 24 19
 8 3 26 23
 14 2 28 29
 2 3 28 35
 3 4 28 28
 8 2 28 39
 3 2 52 32
 9 0 38 57
 1 1 52 47
 9 3 35 50
 6 4 43 39
 2 1 46 41
 4 4 47 51
 8 3 64 58
 3 3 70 72
 9 2 72 54
 10 1 61 68
 9 0 80 56
 4 1 64 75
 2 0 94 90
 7 2 89 91
 3 1 82 75
 6 0 91 88
 3 1 98 94
 5 1 103 100
 2 1 118 119
 11 0 120 129
 3 1 140 119
 3 2 149 128
 5 1 166 149
 5 2 143 172
 5 7 174 162
 2 4 186 169
 6 1 194 176
 6 1 176 214
 2 2 207 199
 7 2 208 213
 5 3 232 212
 5 1 256 225
 4 2 245 237
 4 2 239 256
 2 1 289 241
 7 1 278 308
 1 0 296 317
 4 0 326 329
 2 1 320 325
 4 0 349 361
 6 1 356 348
 4 0 384 397
 2 2 408 377
 3 3 450 426
 6 3 411 425
 4 2 471 460
 5 1 453 476
 4 0 516 540
 0 0 472 525
 1 3 520 516
 3 4 558 578
 1 1 569 558
 2 1 605 585
 0 2 682 608
 4 1 615 657
 2 3 639 677
 11 3 658 677
 2 3 752 743
 4 2 705 757
 4 1 718 751
 3 2 728 757
 2 2 790 845
 1 0 842 806
 1 1 858 806
 0 2 829 805
 2 0 905 872
 6 2 859 940
 4 0 898 917
 0 2 946 964
 3 2 927 931
 5 1 992 993
 1 1 952 962
 6 3 961 968
 5 1 1092 1030
 3 0 988 1114
 4 0 1123 1123
 2 1 1064 1058
 2 2 1024 1099
 2 0 1140 1207
 2 0 1171 1124
 3 2 1152 1114
 5 2 1181 1118
 0 1 1191 1185
 1 0 1227 1174
 2 1 1172 1157
 2 1 1235 1158
 3 3 1102 1176
 1 0 1259 1206
 4 0 1211 1195
 0 0 1197 1156
 0 0 1234 1173
 2 2 1192 1169
 2 0 1196 1176
 1 1 1214 1265
 0 1 1210 1203
 3 0 1207 1264
 3 1 1174 1204
 1 0 1168 1181
 2 0 1191 1173
 1 3 1123 1159
 0 0 1167 1087
 1 1 1104 1134
 2 2 1127 1107
 2 0 1102 1107
 3 1 1017 1039
 3 2 1079 1132
 3 0 1072 1035
 0 0 1089 1035
 1 1 1041 968
 3 0 1042 1067
 1 0 970 970
 1 1 928 967
 1 0 961 988
 2 1 942 973
 1 1 892 914
 3 1 903 871
 2 1 898 864
 3 1 865 884
 2 2 826 850
 1 2 816 796
 1 1 812 770
 2 0 758 792
 2 1 754 730
 3 2 711 768
 5 0 737 696
 1 0 647 736
 2 0 709 679
 0 1 592 605
 0 2 599 593
 1 1 564 636
 1 1 572 611
 1 0 570 551
 2 1 556 508
 3 0 514 526
 2 1 490 492
 2 0 498 460
 1 0 456 454
 1 1 410 435
 2 2 433 396
 3 0 402 389
 1 1 376 399
 2 2 353 338
 2 0 352 351
 1 2 350 302
 0 1 313 308
 1 2 297 309
 0 0 274 286
 3 1 249 282
 1 1 237 242
 1 0 243 236
 4 1 250 240
 1 0 223 251
 1 1 225 209
 1 2 190 187
 0 0 185 176
 1 1 188 191
 3 0 161 171
 1 3 158 154
 2 0 161 156
 0 3 155 155
 1 3 140 132
 3 0 130 127
 1 1 140 129
 2 0 112 117
 1 1 116 122
 1 1 99 98
 4 0 112 100
 1 0 88 89
 0 0 87 96
 0 0 81 70
 3 0 80 74
 1 0 72 60
 1 1 79 64
 0 0 70 66
 0 1 51 63
 3 0 52 57
 2 1 50 53
 0 1 44 50
 0 1 52 35
 0 1 49 47
 3 1 45 49
 0 1 28 35
 2 1 39 36
 1 1 47 35
 2 2 30 20
 0 0 35 33
 0 1 28 26
 0 0 35 39
 0 0 28 26
 1 1 30 22
 2 0 41 24
 0 2 31 19
 1 1 27 19
 0 1 19 15
 2 1 26 19
 0 0 15 12
 0 0 16 25
 0 1 16 16
 2 2 15 13
 1 1 21 13
 0 1 12 10
 0 0 14 16
 0 0 11 15
 0 1 12 7
 0 0 9 14
 0 0 8 6
 1 0 6 18
 0 0 8 16
 2 1 15 10
 2 0 8 8
 0 0 9 5
 0 2 3 5
 0 1 1 13
 0 1 9 3
 0 0 0 8
 1 0 9 9
 0 0 14 7
 0 3 6 9
 0 1 11 10
 0 1 6 4
 3 0 7 7
 0 0 2 2
 2 1 3 5
 1 1 9 4
 0 0 3 7
 1 0 2 7
 1 1 6 4
 0 0 4 8
 2 0 6 8
 0 0 4 3
 2 1 10 3
 1 1 4 3
 2 1 3 1
 0 1 5 4
 1 1 3 6
 0 0 2 6
 0 0 3 3
 1 1 1 4
 1 1 2 2
 0 0 2 4
 0 0 0 5
 1 1 3 2
 0 0 3 4
 0 1 2 1
 0 2 1 1
 2 0 2 7
 0 1 2 0
 0 0 3 2
 0 2 2 1
 0 0 1 3
 0 0 0 0
 0 0 0 1
 0 1 5 1
 0 1 0 2
 0 0 2 1
 0 2 4 2
 0 2 2 2
 0 0 1 2
 0 0 0 0
 1 1 1 0
 0 0 2 1
 0 0 1 0
 0 0 1 1
 0 0 0 3
 0 0 3 2
 0 0 1 2
 0 3 1 2
 0 1 1 2
 0 0 2 3
 0 0 1 5
 0 1 2 1
 0 0 1 1
 0 0 1 1
 0 0 0 0
 0 0 1 0
 0 0 3 2
 0 0 1 1
 0 1 3 1
 0 2 4 1
 0 0 2 2
 0 2 0 0
 1 0 0 1
 0 0 2 2
 1 0 0 1
 0 0 1 1
 0 0 1 1
 0 0 0 2
 0 0 2 0
 0 1 0 1
 0 0 1 1
 0 2 2 3
 0 0 2 2
 0 0 0 3
 0 0 1 1
 0 1 0 1
 0 1 1 1
 0 1 4 2
 0 0 0 0
 0 0 0 1
 0 1 1 0
 0 1 0 0
 0 0 0 0
 0 0 0 2
 0 0 0 0
 0 0 1 0
 0 0 0 0
 0 0 3 2
 0 0 1 0
 0 0 0 0
 0 0 1 0
 0 0 1 1
 0 1 0 1
 0 0 1 0
 0 0 1 1
 0 2 0 0
 0 0 3 0
 0 0 1 0
 0 0 0 0
 0 0 1 0
 0 0 0 0
 0 1 0 0
 0 0 1 0
 0 0 1 0
 0 0 0 0
 0 1 1 0
 0 1 1 1
 0 0 1 0
 0 0 0 0
 0 0 0 0
 0 0 2 0
 0 0 0 0
 0 0 1 0
 0 0 1 0
 0 0 1 0
 0 2 1 0
 0 0 0 0
 0 0 0 0
 0 1 0 0
 0 0 0 0
 0 0 0 0
 0 0 0 0
 0 0 1 0
 0 0 0 0
 0 0 0 0
 0 0 0 0
 0 0 0 0
 0 0 0 1
 0 0 0 0
 0 0 0 0
 0 0 0 0
 0 0 1 0
 0 0 1 0
 0 0 0 0
 0 0 0 0
 0 0 0 0
 0 0 0 0
 0 1 0 0
 0 0 0 0
 0 0 0 0
 0 0 1 0
 0 2 0 0
 0 0 0 0
 0 0 0 0
 0 2 0 0
 0 0 0 0
 0 0 0 0
 0 0 1 0
 0 0 0 0
 0 0 0 0
 0 0 0 0
 0 0 0 0
 0 0 0 0
 0 0 0 0
 0 0 0 0
 0 0 0 0
 0 0 0 0
 0 0 0 0
 0 0 0 0
 0 1 0 0
 0 0 0 0
 0 0 0 0
 0 0 0 0
 0 0 0 0
 0 0 0 0
 0 0 0 0
 0 0 0 0
 0 0 0 0
 0 0 0 0
 0 0 0 0
 0 0 0 0
 0 0 0 0
 0 2 1 0
 1 1 0 0
 0 0 0 0
 0 0 0 0
 0 0 0 0
 0 1 0 0
 0 0 0 0
 0 1 0 0
 0 0 0 0
 0 0 0 0
 0 1 0 0
 0 0 0 0
 0 0 0 0
 0 1 0 0
 0 0 0 0
 0 0 0 0
 0 1 0 1
 0 0 0 0
 0 0 0 0
 0 0 0 0
 0 0 0 0
 0 1 0 0
 0 1 2 0
 0 0 0 0
 0 0 0 0
 0 0 0 0
 0 0 0 0
 0 1 0 0
 0 1 0 0
 0 1 0 0
 0 0 0 0
 0 0 0 0
 0 1 0 0
 0 0 0 0
 0 1 0 0
 0 0 0 0
 0 0 1 0
 0 0 0 1
 0 1 0 0
 0 0 0 0
 0 0 1 0
 0 0 0 0
 0 0 0 0
 0 0 0 0
 0 0 0 0
 0 1 0 0
 0 0 1 0
 0 0 0 1
 0 0 0 0
 0 1 0 0
 0 0 0 0
 0 0 0 0
 0 0 0 0
 0 0 0 0
 0 0 0 0
 0 0 0 0
 0 0 0 0
 0 1 0 0
 0 0 0 0
 0 0 0 1
 0 0 0 0
 0 0 0 0
 0 0 0 0
 0 0 0 0
 0 0 0 0
 0 0 0 0
 0 0 0 0
 0 0 0 0
 0 1 0 0
 0 1 0 0
 0 0 0 0
 0 0 0 0
 0 0 0 0
 0 0 0 0
 0 0 0 0
 0 0 0 0
 0 0 0 0
 0 0 0 0
 0 0 0 0
 0 0 0 0
 0 0 0 0
 0 0 0 0
 0 0 0 0
 0 0 0 1
 0 0 0 0
 0 0 0 0
 0 0 0 0
 0 0 0 0
 0 0 0 0
 0 0 0 0
 0 0 0 0
 0 0 0 0
 0 0 0 0
 0 0 0 0
 0 0 0 2
 0 0 0 0
 0 0 0 0
 0 0 0 0
 0 0 0 0
 0 0 0 0
 154 158 55 50
 0 0 48 51
