  0.000125000006  0.304393858
  0.000375000003  0.913061976
  0.000625000044  1.5213716
  0.000875000027  2.1290834
  0.00112500007  2.73595881
  0.00137500011  3.34175825
  0.00162500003  3.94624305
  0.00187500007  4.54917383
  0.00212500012  5.15031242
  0.00237500016  5.74941874
  0.0026250002  6.3462534
  0.00287500024  6.94057846
  0.00312500005  7.53215456
  0.00337500009  8.12074184
  0.00362500013  8.70610332
  0.00387500017  9.28799725
  0.00412499998  9.86618614
  0.00437500002  10.4404316
  0.00462500006  11.0104933
  0.0048750001  11.5761328
  0.00512500014  12.1371098
  0.00537500018  12.6931877
  0.00562500022  13.2441244
  0.00587500026  13.7896833
  0.00612499984  14.3296165
  0.00637499988  14.8636761
  0.00662499992  15.3916035
  0.00687499996  15.9131479
  0.007125  16.4280586
  0.00737500004  16.9360752
  0.00762500009  17.4369507
  0.00787500013  17.9304314
  0.00812500063  18.4162636
  0.00837500021  18.8941898
  0.00862500072  19.3639622
  0.00887500029  19.825325
  0.0091250008  20.2780247
  0.00937500037  20.7218075
  0.00962500088  21.1564236
  0.00987500045  21.5816174
  0.010125001  21.9971352
  0.0103750005  22.4027214
  0.010625001  22.79813
  0.0108750006  23.1831017
  0.0111250011  23.5573845
  0.0113750007  23.9207268
  0.0116250012  24.2728748
  0.0118750008  24.6136646
  0.0121250004  24.9430733
  0.0123750009  25.2610989
  0.0126250004  25.5677338
  0.0128750009  25.8629704
  0.0131250005  26.1467991
  0.013375001  26.4192162
  0.0136250006  26.6802139
  0.0138750011  26.9297867
  0.0141250007  27.1679268
  0.0143750012  27.3946285
  0.0146250008  27.6098843
  0.0148750013  27.8136883
  0.0151250008  28.006031
  0.0153750014  28.1869049
  0.015625  28.3563099
  0.0158750005  28.5142288
  0.016125001  28.6606712
  0.0163750015  28.7956142
  0.0166250002  28.9190559
  0.0168750007  29.0309944
  0.0171250012  29.1314163
  0.0173750017  29.2203178
  0.0176250003  29.2977619
  0.0178750008  29.3639431
  0.0181250013  29.4190826
  0.0183750018  29.4633961
  0.0186250005  29.4971027
  0.018875001  29.5204182
  0.0191250015  29.5335674
  0.019375002  29.5367527
  0.0196250007  29.5302105
  0.0198750012  29.5141449
  0.0201250017  29.488781
  0.0203750003  29.4543362
  0.0206250008  29.4110241
  0.0208750013  29.359066
  0.0211250018  29.2986774
  0.0213750005  29.2300777
  0.021625001  29.1534843
  0.0218750015  29.0691166
  0.022125002  28.97719
  0.0223750006  28.877924
  0.0226250011  28.7715321
  0.0228750017  28.6582394
  0.0231250022  28.5382595
  0.0233750008  28.4117947
  0.0236250013  28.2790146
  0.0238750018  28.1400833
  0.0241250005  27.9951553
  0.024375001  27.8443966
  0.0246250015  27.6879597
  0.024875002  27.5260143
  0.0251250006  27.358717
  0.0253750011  27.1862259
  0.0256250016  27.0087051
  0.0258750021  26.8263149
  0.0261250008  26.6392155
  0.0263750013  26.4475651
  0.0266250018  26.2515278
  0.0268750023  26.0512619
  0.027125001  25.8469296
  0.0273750015  25.638689
  0.027625002  25.4267025
  0.0278750025  25.2111301
  0.0281250011  24.9921341
  0.0283750016  24.7698727
  0.0286250021  24.5445042
  0.0288750008  24.3161964
  0.0291250013  24.0851002
  0.0293750018  23.8513489
  0.0296250023  23.6150742
  0.0298750009  23.3764057
  0.0301250014  23.1354733
  0.030375002  22.8924065
  0.0306250025  22.6473331
  0.0308750011  22.4003906
  0.0311250016  22.1517029
  0.0313749984  21.9014015
  0.0316249989  21.6496143
  0.0318749994  21.396471
  0.0321249999  21.1421032
  0.0323750004  20.8866444
  0.0326250009  20.6302166
  0.0328750014  20.3729591
  0.0331249982  20.114994
  0.0333749987  19.8564548
  0.0336249992  19.5974712
  0.0338749997  19.3381691
  0.0341250002  19.0786858
  0.0343750007  18.8191452
  0.0346250013  18.5596809
  0.0348750018  18.300415
  0.0351249985  18.0414581
  0.035374999  17.7828903
  0.0356249996  17.5248165
  0.0358750001  17.2673264
  0.0361250006  17.010519
  0.0363750011  16.7544842
  0.0366250016  16.499321
  0.0368749984  16.2451229
  0.0371249989  15.9919834
  0.0373749994  15.739995
  0.0376249999  15.4892569
  0.0378750004  15.2398596
  0.0381250009  14.9918995
  0.0383750014  14.7454729
  0.0386250019  14.5006733
  0.0388749987  14.257596
  0.0391249992  14.0163326
  0.0393749997  13.7769794
  0.0396250002  13.5396318
  0.0398750007  13.3043833
  0.0401250012  13.0713301
  0.0403750017  12.8405657
  0.0406249985  12.6121807
  0.040874999  12.3862019
  0.0411249995  12.1626453
  0.041375  11.9415264
  0.0416250005  11.7228565
  0.041875001  11.506649
  0.0421250015  11.2929182
  0.0423750021  11.0816736
  0.0426249988  10.8729362
  0.0428749993  10.6667118
  0.0431249999  10.4630136
  0.0433750004  10.261857
  0.0436250009  10.0632563
  0.0438750014  9.86722183
  0.0441250019  9.673769
  0.0443749987  9.48291206
  0.0446249992  9.29466057
  0.0448749997  9.10902786
  0.0451250002  8.92602825
  0.0453750007  8.74567699
  0.0456250012  8.56798363
  0.0458750017  8.39296246
  0.0461250022  8.22062874
  0.046374999  8.05099297
  0.0466249995  7.88404417
  0.046875  7.71976566
  0.0471250005  7.55813885
  0.047375001  7.3991456
  0.0476250015  7.24276781
  0.047875002  7.0889883
  0.0481249988  6.93778801
  0.0483749993  6.78914642
  0.0486249998  6.64304686
  0.0488750003  6.49947119
  0.0491250008  6.35840034
  0.0493750013  6.21981668
  0.0496250018  6.08370256
  0.0498750024  5.95003843
  0.0501249991  5.81880856
  0.0503749996  5.68999004
  0.0506250001  5.56356621
  0.0508750007  5.43952036
  0.0511250012  5.31783295
  0.0513750017  5.19848585
  0.0516250022  5.08146095
  0.0518750027  4.96673965
  0.0521249995  4.85430479
  0.052375  4.74412775
  0.0526250005  4.63617945
  0.052875001  4.53043079
  0.0531250015  4.42685127
  0.053375002  4.32540989
  0.0536250025  4.22607756
  0.0538749993  4.12882519
  0.0541249998  4.03361988
  0.0543750003  3.94043231
  0.0546250008  3.84923339
  0.0548750013  3.75999212
  0.0551250018  3.67267871
  0.0553750023  3.58726311
  0.0556250028  3.5037148
  0.0558749996  3.42200518
  0.0561250001  3.34210157
  0.0563750006  3.26397514
  0.0566250011  3.18759537
  0.0568750016  3.11293244
  0.0571250021  3.03995633
  0.0573750027  2.96863651
  0.0576249994  2.89894414
  0.0578749999  2.83084702
  0.0581250004  2.76431775
  0.058375001  2.69932914
  0.0586250015  2.63585401
  0.058875002  2.57386589
  0.0591250025  2.51333666
  0.059375003  2.45424056
  0.0596249998  2.39654994
  0.0598750003  2.34023666
  0.0601250008  2.28527474
  0.0603750013  2.231637
  0.0606250018  2.17929602
  0.0608750023  2.12822509
  0.0611250028  2.07839704
  0.0613749996  2.02978539
  0.0616250001  1.98236132
  0.0618750006  1.93609929
  0.0621250011  1.89097166
  0.0623750016  1.8469516
  0.0626249984  1.80401254
  0.0628750026  1.76212525
  0.0631249994  1.72126567
  0.0633750036  1.68140388
  0.0636250004  1.64251554
  0.0638750046  1.60457551
  0.0641250014  1.56756794
  0.0643749982  1.53147388
  0.0646250024  1.49627447
  0.0648749992  1.46195376
  0.0651250035  1.42849219
  0.0653750002  1.39587379
  0.0656250045  1.36407864
  0.0658750013  1.33309078
  0.066124998  1.30289161
  0.0663750023  1.2734623
  0.066624999  1.24478686
  0.0668750033  1.21684551
  0.0671250001  1.18962216
  0.0673750043  1.16309762
  0.0676250011  1.13725519
  0.0678750053  1.11207569
  0.0681250021  1.08754277
  0.0683749989  1.06363785
  0.0686250031  1.04034245
  0.0688749999  1.01763988
  0.0691250041  0.995511174
  0.0693750009  0.973939776
  0.0696250051  0.952909291
  0.0698750019  0.932409644
  0.0701249987  0.912429214
  0.0703750029  0.892956257
  0.0706249997  0.873981178
  0.0708750039  0.855491579
  0.0711250007  0.837477684
  0.0713750049  0.819927335
  0.0716250017  0.802830577
  0.0718749985  0.786175847
  0.0721250027  0.769951761
  0.0723749995  0.754148126
  0.0726250038  0.738752961
  0.0728750005  0.723756313
  0.0731250048  0.709146023
  0.0733750015  0.694912255
  0.0736249983  0.681043327
  0.0738750026  0.667527854
  0.0741249993  0.654355705
  0.0743750036  0.641515017
  0.0746250004  0.628995478
  0.0748750046  0.616785407
  0.0751250014  0.604874432
  0.0753750056  0.593252659
  0.0756250024  0.581914425
  0.0758749992  0.570853472
  0.0761250034  0.560063601
  0.0763750002  0.549539506
  0.0766250044  0.539274693
  0.0768750012  0.529263675
  0.0771250054  0.519500136
  0.0773750022  0.509978652
  0.077624999  0.500693083
  0.0778750032  0.491637051
  0.078125  0.482805401
  0.0783750042  0.474191517
  0.078625001  0.465790153
  0.0788750052  0.457594782
  0.079125002  0.449599922
  0.0793749988  0.441799521
  0.079625003  0.434187412
  0.0798749998  0.426758051
  0.0801250041  0.419505179
  0.0803750008  0.412423253
  0.0806250051  0.405505925
  0.0808750018  0.398747742
  0.0811249986  0.39214319
  0.0813750029  0.385688841
  0.0816249996  0.379381776
  0.0818750039  0.373218566
  0.0821250007  0.367196411
  0.0823750049  0.361311734
  0.0826250017  0.355561793
  0.0828750059  0.349943101
  0.0831250027  0.344452828
  0.0833749995  0.339087635
  0.0836250037  0.333844215
  0.0838750005  0.328719676
  0.0841250047  0.32371068
  0.0843750015  0.318814337
  0.0846250057  0.31402716
  0.0848750025  0.309346318
  0.0851249993  0.304768503
  0.0853750035  0.300290406
  0.0856250003  0.295909137
  0.0858750045  0.291621327
  0.0861250013  0.287424088
  0.0863750055  0.28331399
  0.0866250023  0.279288113
  0.0868749991  0.275343537
  0.0871250033  0.271478325
  0.0873750001  0.267691255
  0.0876250044  0.263980448
  0.0878750011  0.260344565
  0.0881250054  0.256781876
  0.0883750021  0.253291011
  0.0886249989  0.249870285
  0.0888750032  0.246518075
  0.0891249999  0.24323298
  0.0893750042  0.240013257
  0.089625001  0.236857548
  0.0898750052  0.233764067
  0.090125002  0.230731472
  0.0903750062  0.22775802
  0.090625003  0.224842265
  0.0908749998  0.221982643
  0.091125004  0.21917747
  0.0913750008  0.216425315
  0.091625005  0.213724539
  0.0918750018  0.211073667
  0.092125006  0.208471
  0.0923750028  0.205915138
  0.0926249996  0.203404546
  0.0928750038  0.200938255
  0.0931250006  0.198515639
  0.0933750048  0.196135744
  0.0936250016  0.193797946
  0.0938750058  0.191501319
  0.0941250026  0.189245239
  0.0943749994  0.187028825
  0.0946250036  0.184851229
  0.0948750004  0.18271181
  0.0951250046  0.180609703
  0.0953750014  0.178544194
  0.0956250057  0.176514372
  0.0958750024  0.174519598
  0.0961249992  0.172559068
  0.0963750035  0.170631886
  0.0966250002  0.168737441
  0.0968750045  0.166874766
  0.0971250013  0.165043235
  0.0973750055  0.163241968
  0.0976250023  0.161470264
  0.0978750065  0.159727231
  0.0981250033  0.158012226
  0.0983750001  0.156324446
  0.0986250043  0.154663265
  0.0988750011  0.153028339
  0.0991250053  0.151419103
  0.0993750021  0.149835199
  0.0996250063  0.148276016
  0.0998750031  0.146741211
  0.100125  0.145230263
  0.100375004  0.143742651
  0.100625001  0.142278001
  0.100875005  0.140835762
  0.101125002  0.139415532
  0.101375006  0.138016775
  0.101625003  0.136639103
  0.101875  0.13528201
  0.102125004  0.133944958
  0.102375001  0.132627577
  0.102625005  0.131329328
  0.102875002  0.13004981
  0.103125006  0.128788471
  0.103375003  0.127544925
  0.103625007  0.126318619
  0.103875004  0.125109166
  0.104125001  0.12391609
  0.104375005  0.122739032
  0.104625002  0.121577844
  0.104875006  0.120432213
  0.105125003  0.119301975
  0.105375007  0.118186839
  0.105625004  0.117086634
  0.105875  0.116001084
  0.106125005  0.114929929
  0.106375001  0.113873005
  0.106625006  0.112830006
  0.106875002  0.11180076
  0.107125007  0.110784978
  0.107375003  0.109782487
  0.107625  0.108793035
  0.107875004  0.107816331
  0.108125001  0.106852219
  0.108375005  0.105900399
  0.108625002  0.104960702
  0.108875006  0.104032837
  0.109125003  0.103116632
  0.109375  0.102211803
  0.109625004  0.101318106
  0.109875001  0.100435369
  0.110125005  0.0995633602
  0.110375002  0.0987019613
  0.110625006  0.0978509933
  0.110875003  0.0970103517
  0.111125007  0.0961798355
  0.111375004  0.0953593478
  0.111625001  0.0945487171
  0.111875005  0.0937477574
  0.112125002  0.0929563716
  0.112375006  0.092174381
  0.112625003  0.0914016441
  0.112875007  0.0906380191
  0.113125004  0.0898833498
  0.113375001  0.0891374946
  0.113625005  0.0884002745
  0.113875002  0.0876716003
  0.114125006  0.0869512334
  0.114375003  0.0862391144
  0.114625007  0.0855350271
  0.114875004  0.0848388821
  0.115125  0.0841504931
  0.115375005  0.0834696889
  0.115625001  0.0827963725
  0.115875006  0.0821304023
  0.116125003  0.0814717337
  0.116375007  0.080820255
  0.116625004  0.0801759437
  0.116875  0.079538703
  0.117125005  0.0789084509
  0.117375001  0.0782851353
  0.117625006  0.0776686445
  0.117875002  0.0770589709
  0.118125007  0.0764559805
  0.118375003  0.075859651
  0.118625008  0.0752698556
  0.118875004  0.074686572
  0.119125001  0.0741097182
  0.119375005  0.0735391974
  0.119625002  0.072974965
  0.119875006  0.072416909
  0.120125003  0.0718650147
  0.120375007  0.0713191554
  0.120625004  0.0707793012
  0.120875001  0.0702453628
  0.121125005  0.0697172433
  0.121375002  0.0691949204
  0.121625006  0.0686782748
  0.121875003  0.0681672767
  0.122125007  0.0676617995
  0.122375004  0.0671618283
  0.122625001  0.0666672736
  0.122875005  0.0661780313
  0.123125002  0.0656940714
  0.123375006  0.0652152896
  0.123625003  0.0647416413
  0.123875007  0.0642730296
  0.124125004  0.0638093948
  0.124375001  0.0633506775
  0.124625005  0.0628967658
  0.124875002  0.0624476299
  0.125125006  0.0620031767
  0.125375018  0.0615633167
  0.125625014  0.0611280203
  0.125875011  0.0606971979
  0.126125008  0.0602707714
  0.126375005  0.0598486699
  0.126625016  0.0594308004
  0.126875013  0.0590171292
  0.12712501  0.0586075746
  0.127375007  0.0582020506
  0.127625018  0.0578004718
  0.127875015  0.0574028045
  0.128125012  0.0570089556
  0.128375009  0.0566188507
  0.128625005  0.0562324263
  0.128875017  0.055849582
  0.129125014  0.0554702878
  0.129375011  0.0550944544
  0.129625008  0.0547219999
  0.129875019  0.0543528423
  0.130125016  0.0539869554
  0.130375013  0.0536242723
  0.13062501  0.0532647781
  0.130875006  0.0529084429
  0.131125018  0.0525552183
  0.131375015  0.052205123
  0.131625012  0.0518581122
  0.131875008  0.0515141562
  0.132125005  0.0511732362
  0.132375017  0.050835304
  0.132625014  0.0505003706
  0.13287501  0.0501683876
  0.133125007  0.0498393439
  0.133375019  0.0495131798
  0.133625016  0.0491899215
  0.133875012  0.0488695167
  0.134125009  0.0485519357
  0.134375006  0.0482371598
  0.134625018  0.0479251444
  0.134875014  0.0476159006
  0.135125011  0.0473093875
  0.135375008  0.0470055789
  0.13562502  0.0467044227
  0.135875016  0.0464059338
  0.136125013  0.046110075
  0.13637501  0.0458168164
  0.136625007  0.0455261357
  0.136875018  0.0452379845
  0.137125015  0.044952374
  0.137375012  0.0446692631
  0.137625009  0.0443886295
  0.137875006  0.0441104434
  0.138125017  0.0438346639
  0.138375014  0.0435612947
  0.138625011  0.0432903022
  0.138875008  0.0430216528
  0.139125019  0.0427553169
  0.139375016  0.0424912833
  0.139625013  0.0422295257
  0.13987501  0.0419700108
  0.140125006  0.0417127162
  0.140375018  0.0414576009
  0.140625015  0.0412046723
  0.140875012  0.0409538895
  0.141125008  0.0407052189
  0.141375005  0.0404586457
  0.141625017  0.0402141176
  0.141875014  0.0399716571
  0.14212501  0.0397312082
  0.142375007  0.0394927561
  0.142625019  0.0392562486
  0.142875016  0.0390217006
  0.143125013  0.0387890674
  0.143375009  0.0385583229
  0.143625006  0.0383294448
  0.143875018  0.0381023921
  0.144125015  0.0378771648
  0.144375011  0.0376537293
  0.144625008  0.0374320559
  0.14487502  0.0372121222
  0.145125017  0.0369939432
  0.145375013  0.0367774852
  0.14562501  0.0365627408
  0.145875007  0.0363496877
  0.146125019  0.036138311
  0.146375015  0.0359286182
  0.146625012  0.0357205793
  0.146875009  0.0355141908
  0.147125006  0.0353094302
  0.147375017  0.0351062752
  0.147625014  0.0349047333
  0.147875011  0.0347047821
  0.148125008  0.0345064104
  0.148375019  0.0343095921
  0.148625016  0.0341143347
  0.148875013  0.0339206122
  0.14912501  0.0337284133
  0.149375007  0.0335377306
  0.149625018  0.0333485268
  0.149875015  0.0331608169
  0.150125012  0.0329745784
  0.150375009  0.032789804
  0.15062502  0.0326064527
  0.150875017  0.0324245468
  0.151125014  0.0322440565
  0.151375011  0.0320649669
  0.151625007  0.0318872705
  0.151875019  0.0317109376
  0.152125016  0.0315359756
  0.152375013  0.0313623659
  0.152625009  0.0311900955
  0.152875006  0.0310191419
  0.153125018  0.0308494922
  0.153375015  0.0306811444
  0.153625011  0.0305140801
  0.153875008  0.0303482842
  0.15412502  0.0301837362
  0.154375017  0.03002044
  0.154625013  0.0298583712
  0.15487501  0.0296975188
  0.155125007  0.0295378696
  0.155375019  0.0293793976
  0.155625015  0.029222114
  0.155875012  0.0290659871
  0.156125009  0.0289110113
  0.156375006  0.0287571698
  0.156625018  0.0286044423
  0.156875014  0.0284528304
  0.157125011  0.0283023156
  0.157375008  0.0281528793
  0.15762502  0.0280045047
  0.157875016  0.0278571919
  0.158125013  0.0277109221
  0.15837501  0.0275656786
  0.158625007  0.0274214521
  0.158875018  0.0272782147
  0.159125015  0.0271359794
  0.159375012  0.0269947276
  0.159625009  0.0268544517
  0.15987502  0.0267151352
  0.160125017  0.0265767947
  0.160375014  0.026439406
  0.160625011  0.0263029691
  0.160875008  0.0261674747
  0.161125019  0.0260329079
  0.161375016  0.0258992799
  0.161625013  0.025766572
  0.16187501  0.0256347787
  0.162125006  0.025503898
  0.162375018  0.0253739059
  0.162625015  0.0252448209
  0.162875012  0.0251166224
  0.163125008  0.0249893051
  0.16337502  0.0248628557
  0.163625017  0.0247372799
  0.163875014  0.0246125683
  0.16412501  0.0244887061
  0.164375007  0.0243656952
  0.164625019  0.0242435168
  0.164875016  0.0241221786
  0.165125012  0.0240016673
  0.165375009  0.0238819774
  0.165625021  0.0237630922
  0.165875018  0.0236450229
  0.166125014  0.0235277489
  0.166375011  0.023411274
  0.166625008  0.0232955795
  0.16687502  0.0231806599
  0.167125016  0.0230665188
  0.167375013  0.0229531471
  0.16762501  0.0228405297
  0.167875007  0.0227286629
  0.168125018  0.0226175375
  0.168375015  0.0225071572
  0.168625012  0.022397507
  0.168875009  0.0222885851
  0.169125021  0.0221803728
  0.169375017  0.0220728796
  0.169625014  0.0219660867
  0.169875011  0.0218599942
  0.170125008  0.0217545927
  0.170375019  0.0216498673
  0.170625016  0.0215458274
  0.170875013  0.0214424543
  0.17112501  0.0213397499
  0.171375021  0.02123769
  0.171625018  0.0211362895
  0.171875015  0.0210355315
  0.172125012  0.0209354125
  0.172375008  0.0208359174
  0.17262502  0.0207370427
  0.172875017  0.0206387918
  0.173125014  0.0205411445
  0.17337501  0.0204441026
  0.173625007  0.0203476585
  0.173875019  0.0202518012
  0.174125016  0.0201565474
  0.174375013  0.0200618766
  0.174625009  0.0199677907
  0.174875021  0.0198742803
  0.175125018  0.0197813585
  0.175375015  0.0196890086
  0.175625011  0.0195972342
  0.175875008  0.0195060261
  0.17612502  0.0194153823
  0.176375017  0.0193253011
  0.176625013  0.0192357823
  0.17687501  0.0191468205
  0.177125007  0.0190584119
  0.177375019  0.0189705472
  0.177625015  0.0188832358
  0.177875012  0.0187964682
  0.178125009  0.0187102407
  0.178375021  0.0186245441
  0.178625017  0.0185393877
  0.178875014  0.018454764
  0.179125011  0.0183706656
  0.179375008  0.0182870924
  0.179625019  0.0182040371
  0.179875016  0.0181215052
  0.180125013  0.0180394873
  0.18037501  0.0179579817
  0.180625021  0.017876979
  0.180875018  0.0177964885
  0.181125015  0.017716499
  0.181375012  0.0176370088
  0.181625009  0.017558014
  0.18187502  0.0174795073
  0.182125017  0.0174014959
  0.182375014  0.0173239708
  0.182625011  0.0172469299
  0.182875007  0.0171703678
  0.183125019  0.0170942768
  0.183375016  0.0170186684
  0.183625013  0.0169435274
  0.183875009  0.0168688539
  0.184125021  0.0167946406
  0.184375018  0.016720891
  0.184625015  0.0166475996
  0.184875011  0.0165747665
  0.185125008  0.0165023822
  0.18537502  0.0164304432
  0.185625017  0.016358953
  0.185875013  0.0162879042
  0.18612501  0.0162172932
  0.186375022  0.0161471143
  0.186625019  0.0160773713
  0.186875015  0.0160080586
  0.187125012  0.0159391724
  0.187375009  0.015870709
  0.187625021  0.0158026628
  0.187875018  0.0157350339
  0.188125014  0.0156678185
  0.188375011  0.0156010138
  0.188625008  0.015534617
  0.18887502  0.0154686198
  0.189125016  0.0154030258
  0.189375013  0.0153378313
  0.18962501  0.015273029
  0.189875022  0.015208615
  0.190125018  0.0151445912
  0.190375015  0.015080953
  0.190625012  0.0150176957
  0.190875009  0.0149548175
  0.19112502  0.0148923118
  0.191375017  0.0148301795
  0.191625014  0.014768417
  0.191875011  0.0147070205
  0.192125008  0.0146459853
  0.192375019  0.0145853069
  0.192625016  0.014524987
  0.192875013  0.014465021
  0.19312501  0.0144054024
  0.193375021  0.0143461302
  0.193625018  0.0142872026
  0.193875015  0.0142286159
  0.194125012  0.0141703645
  0.194375008  0.0141124502
  0.19462502  0.0140548609
  0.194875017  0.0139976013
  0.195125014  0.0139406668
  0.19537501  0.0138840554
  0.195625022  0.013827757
  0.195875019  0.0137717761
  0.196125016  0.0137161063
  0.196375012  0.0136607448
  0.196625009  0.0136056896
  0.196875021  0.0135509335
  0.197125018  0.0134964781
  0.197375014  0.0134423189
  0.197625011  0.0133884512
  0.197875008  0.0133348741
  0.19812502  0.0132815782
  0.198375016  0.0132285701
  0.198625013  0.0131758405
  0.19887501  0.0131233884
  0.199125022  0.0130712064
  0.199375018  0.0130192963
  0.199625015  0.0129676545
  0.199875012  0.0129162762
