  0.000125000006  0.442214042
  0.000375000003  1.32638991
  0.000625000044  2.20980954
  0.000875000027  3.09196711
  0.00112500007  3.9723599
  0.00137500011  4.85048246
  0.00162500003  5.72583008
  0.00187500007  6.59789991
  0.00212500012  7.46618557
  0.00237500016  8.33018398
  0.0026250002  9.18938923
  0.00287500024  10.0432997
  0.00312500005  10.891407
  0.00337500009  11.7332106
  0.00362500013  12.568202
  0.00387500017  13.3958807
  0.00412499998  14.2157402
  0.00437500002  15.027276
  0.00462500006  15.8299837
  0.0048750001  16.6233597
  0.00512500014  17.4068871
  0.00537500018  18.1800346
  0.00562500022  18.9422646
  0.00587500026  19.6930466
  0.00612499984  20.4318371
  0.00637499988  21.1581116
  0.00662499992  21.8713341
  0.00687499996  22.5709648
  0.007125  23.2564735
  0.00737500004  23.9273262
  0.00762500009  24.5829849
  0.00787500013  25.2229156
  0.00812500063  25.8465862
  0.00837500021  26.4534607
  0.00862500072  27.043005
  0.00887500029  27.6146851
  0.0091250008  28.167963
  0.00937500037  28.7023067
  0.00962500088  29.217186
  0.00987500045  29.7121983
  0.010125001  30.1872883
  0.0103750005  30.6424408
  0.010625001  31.0776405
  0.0108750006  31.4928703
  0.0111250011  31.8881226
  0.0113750007  32.2633743
  0.0116250012  32.618618
  0.0118750008  32.9538383
  0.0121250004  33.2690163
  0.0123750009  33.5641403
  0.0126250004  33.8392029
  0.0128750009  34.0941772
  0.0131250005  34.3290558
  0.013375001  34.5438271
  0.0136250006  34.7384644
  0.0138750011  34.9129715
  0.0141250007  35.0673218
  0.0143750012  35.2014999
  0.0146250008  35.3155861
  0.0148750013  35.4099503
  0.0151250008  35.4850655
  0.0153750014  35.5413818
  0.015625  35.5793648
  0.0158750005  35.5994759
  0.016125001  35.6021652
  0.0163750015  35.5879059
  0.0166250002  35.5571442
  0.0168750007  35.5103455
  0.0171250012  35.4479713
  0.0173750017  35.3704758
  0.0176250003  35.2783241
  0.0178750008  35.1719742
  0.0181250013  35.0518837
  0.0183750018  34.9185181
  0.0186250005  34.7723274
  0.018875001  34.613781
  0.0191250015  34.4433327
  0.019375002  34.2614288
  0.0196250007  34.0684433
  0.0198750012  33.8647079
  0.0201250017  33.6505661
  0.0203750003  33.4263573
  0.0206250008  33.1924171
  0.0208750013  32.9490814
  0.0211250018  32.696701
  0.0213750005  32.4356041
  0.021625001  32.1661339
  0.0218750015  31.8886261
  0.022125002  31.6034241
  0.0223750006  31.3108635
  0.0226250011  31.0112839
  0.0228750017  30.7050209
  0.0231250022  30.3924217
  0.0233750008  30.0738201
  0.0236250013  29.7495518
  0.0238750018  29.4199581
  0.0241250005  29.0853786
  0.024375001  28.7461033
  0.0246250015  28.4024105
  0.024875002  28.0545769
  0.0251250006  27.7028732
  0.0253750011  27.3475723
  0.0256250016  26.9889526
  0.0258750021  26.627285
  0.0261250008  26.2628479
  0.0263750013  25.8959103
  0.0266250018  25.5267487
  0.0268750023  25.1556377
  0.027125001  24.782856
  0.0273750015  24.4086704
  0.027625002  24.0333595
  0.0278750025  23.657196
  0.0281250011  23.2804527
  0.0283750016  22.90341
  0.0286250021  22.5263348
  0.0288750008  22.1495056
  0.0291250013  21.7731514
  0.0293750018  21.3974762
  0.0296250023  21.0226822
  0.0298750009  20.6489658
  0.0301250014  20.2765274
  0.030375002  19.9055691
  0.0306250025  19.5362835
  0.0308750011  19.1688843
  0.0311250016  18.8035583
  0.0313749984  18.4405136
  0.0316249989  18.0799446
  0.0318749994  17.7220516
  0.0321249999  17.367033
  0.0323750004  17.0150948
  0.0326250009  16.6664333
  0.0328750014  16.3212452
  0.0331249982  15.979743
  0.0333749987  15.6421099
  0.0336249992  15.3085508
  0.0338749997  14.9791975
  0.0341250002  14.6540813
  0.0343750007  14.3332329
  0.0346250013  14.0166779
  0.0348750018  13.704443
  0.0351249985  13.3965645
  0.035374999  13.0930595
  0.0356249996  12.7939587
  0.0358750001  12.4992914
  0.0361250006  12.2090845
  0.0363750011  11.9233675
  0.0366250016  11.6421671
  0.0368749984  11.3655157
  0.0371249989  11.0934305
  0.0373749994  10.8259468
  0.0376249999  10.5630903
  0.0378750004  10.3048897
  0.0381250009  10.0513716
  0.0383750014  9.80256557
  0.0386250019  9.55847931
  0.0388749987  9.31908035
  0.0391249992  9.08432674
  0.0393749997  8.85418129
  0.0396250002  8.62860584
  0.0398750007  8.4075613
  0.0401250012  8.19100857
  0.0403750017  7.97891045
  0.0406249985  7.77123022
  0.040874999  7.56792402
  0.0411249995  7.36895514
  0.041375  7.17428493
  0.0416250005  6.98387623
  0.041875001  6.79769039
  0.0421250015  6.61568546
  0.0423750021  6.43782663
  0.0426249988  6.26407528
  0.0428749993  6.09438944
  0.0431249999  5.9287324
  0.0433750004  5.76705933
  0.0436250009  5.60931158
  0.0438750014  5.45542526
  0.0441250019  5.305336
  0.0443749987  5.15898323
  0.0446249992  5.01629829
  0.0448749997  4.87722015
  0.0451250002  4.74168491
  0.0453750007  4.60962963
  0.0456250012  4.48098946
  0.0458750017  4.35570192
  0.0461250022  4.23370314
  0.046374999  4.11492968
  0.0466249995  3.99931645
  0.046875  3.886801
  0.0471250005  3.77731943
  0.047375001  3.67080808
  0.0476250015  3.56720304
  0.047875002  3.46644163
  0.0481249988  3.36846185
  0.0483749993  3.27320218
  0.0486249998  3.1806066
  0.0488750003  3.09061837
  0.0491250008  3.00318027
  0.0493750013  2.9182353
  0.0496250018  2.83572555
  0.0498750024  2.75559473
  0.0501249991  2.67778611
  0.0503749996  2.60224056
  0.0506250001  2.52890205
  0.0508750007  2.45771337
  0.0511250012  2.38861704
  0.0513750017  2.32155633
  0.0516250022  2.25647378
  0.0518750027  2.19331264
  0.0521249995  2.13201571
  0.052375  2.07252502
  0.0526250005  2.01478362
  0.052875001  1.95873582
  0.0531250015  1.90433764
  0.053375002  1.85155153
  0.0536250025  1.80033934
  0.0538749993  1.75066447
  0.0541249998  1.70248771
  0.0543750003  1.65577197
  0.0546250008  1.61047959
  0.0548750013  1.56657302
  0.0551250018  1.52401423
  0.0553750023  1.48276591
  0.0556250028  1.44279015
  0.0558749996  1.40404975
  0.0561250001  1.36650634
  0.0563750006  1.33012211
  0.0566250011  1.29485989
  0.0568750016  1.26068175
  0.0571250021  1.22755015
  0.0573750027  1.19542718
  0.0576249994  1.16427636
  0.0578749999  1.13406682
  0.0581250004  1.10477579
  0.058375001  1.07637966
  0.0586250015  1.04885566
  0.058875002  1.0221802
  0.0591250025  0.996330142
  0.059375003  0.971281946
  0.0596249998  0.947012961
  0.0598750003  0.923499048
  0.0601250008  0.900717437
  0.0603750013  0.878644705
  0.0606250018  0.857257605
  0.0608750023  0.836532891
  0.0611250028  0.816447258
  0.0613749996  0.796977758
  0.0616250001  0.77810055
  0.0618750006  0.759792507
  0.0621250011  0.742030442
  0.0623750016  0.724791348
  0.0626249984  0.708056629
  0.0628750026  0.691812992
  0.0631249994  0.676048696
  0.0633750036  0.660750329
  0.0636250004  0.645906389
  0.0638750046  0.631503463
  0.0641250014  0.617529869
  0.0643749982  0.603972673
  0.0646250024  0.590819001
  0.0648749992  0.57805717
  0.0651250035  0.565673888
  0.0653750002  0.553657353
  0.0656250045  0.541994333
  0.0658750013  0.530673146
  0.066124998  0.519680798
  0.0663750023  0.509004593
  0.066624999  0.49863258
  0.0668750033  0.488551617
  0.0671250001  0.478749901
  0.0673750043  0.469216168
  0.0676250011  0.45994404
  0.0678750053  0.450926214
  0.0681250021  0.442156583
  0.0683749989  0.433628201
  0.0686250031  0.425334275
  0.0688749999  0.417268515
  0.0691250041  0.409423828
  0.0693750009  0.401794106
  0.0696250051  0.394372135
  0.0698750019  0.387151748
  0.0701249987  0.380126029
  0.0703750029  0.373288214
  0.0706249997  0.366631925
  0.0708750039  0.360150248
  0.0711250007  0.353836805
  0.0713750049  0.347684622
  0.0716250017  0.341687381
  0.0718749985  0.335838258
  0.0721250027  0.330131173
  0.0723749995  0.324562788
  0.0726250038  0.319129407
  0.0728750005  0.313828111
  0.0731250048  0.308655262
  0.0733750015  0.303607911
  0.0736249983  0.298682511
  0.0738750026  0.293875724
  0.0741249993  0.289184481
  0.0743750036  0.284605265
  0.0746250004  0.280134976
  0.0748750046  0.275770158
  0.0751250014  0.271507651
  0.0753750056  0.267343968
  0.0756250024  0.26327607
  0.0758749992  0.2593005
  0.0761250034  0.25541386
  0.0763750002  0.25161311
  0.0766250044  0.247894675
  0.0768750012  0.244255766
  0.0771250054  0.24069415
  0.0773750022  0.237208426
  0.077624999  0.233796805
  0.0778750032  0.230457544
  0.078125  0.227189228
  0.0783750042  0.223989949
  0.078625001  0.220858335
  0.0788750052  0.217792481
  0.079125002  0.214790925
  0.0793749988  0.211851954
  0.079625003  0.20897384
  0.0798749998  0.206155077
  0.0801250041  0.203393877
  0.0803750008  0.200688735
  0.0806250051  0.198037848
  0.0808750018  0.195439741
  0.0811249986  0.192892671
  0.0813750029  0.190394893
  0.0816249996  0.187944993
  0.0818750039  0.18554163
  0.0821250007  0.183183968
  0.0823750049  0.180870876
  0.0826250017  0.178601459
  0.0828750059  0.176374644
  0.0831250027  0.174189538
  0.0833749995  0.172045097
  0.0836250037  0.169940278
  0.0838750005  0.167874202
  0.0841250047  0.165845767
  0.0843750015  0.163854077
  0.0846250057  0.161898077
  0.0848750025  0.15997684
  0.0851249993  0.15808934
  0.0853750035  0.156234533
  0.0856250003  0.154411539
  0.0858750045  0.152619272
  0.0861250013  0.150856808
  0.0863750055  0.149123117
  0.0866250023  0.147417575
  0.0868749991  0.145739645
  0.0871250033  0.14408879
  0.0873750001  0.142464593
  0.0876250044  0.140866503
  0.0878750011  0.139294088
  0.0881250054  0.137746766
  0.0883750021  0.13622418
  0.0886249989  0.134725749
  0.0888750032  0.133250922
  0.0891249999  0.13179934
  0.0893750042  0.130370393
  0.089625001  0.128963679
  0.0898750052  0.127578631
  0.090125002  0.126214817
  0.0903750062  0.124871716
  0.090625003  0.123548843
  0.0908749998  0.122245722
  0.091125004  0.120961793
  0.0913750008  0.119696744
  0.091625005  0.118450172
  0.0918750018  0.117221825
  0.092125006  0.116011336
  0.0923750028  0.114818439
  0.0926249996  0.113642804
  0.0928750038  0.112484083
  0.0931250006  0.111342013
  0.0933750048  0.110216208
  0.0936250016  0.109106436
  0.0938750058  0.108012319
  0.0941250026  0.106933594
  0.0943749994  0.105869919
  0.0946250036  0.104820952
  0.0948750004  0.103786439
  0.0951250046  0.102765985
  0.0953750014  0.101759367
  0.0956250057  0.100766182
  0.0958750024  0.0997861996
  0.0961249992  0.0988191143
  0.0963750035  0.0978647396
  0.0966250002  0.0969229937
  0.0968750045  0.0959936455
  0.0971250013  0.0950766206
  0.0973750055  0.094171688
  0.0976250023  0.0932787731
  0.0978750065  0.09239766
  0.0981250033  0.0915282443
  0.0983750001  0.0906703547
  0.0986250043  0.0898238197
  0.0988750011  0.0889885202
  0.0991250053  0.0881642699
  0.0993750021  0.0873509571
  0.0996250063  0.0865483806
  0.0998750031  0.0857564434
  0.100125  0.084974952
  0.100375004  0.0842037573
  0.100625001  0.0834427327
  0.100875005  0.0826916918
  0.101125002  0.0819505155
  0.101375006  0.081219025
  0.101625003  0.0804970935
  0.101875  0.0797845647
  0.102125004  0.0790812448
  0.102375001  0.0783870369
  0.102625005  0.0777017549
  0.102875002  0.077025272
  0.103125006  0.0763573945
  0.103375003  0.0756980181
  0.103625007  0.0750469565
  0.103875004  0.0744040757
  0.104125001  0.0737692267
  0.104375005  0.0731422305
  0.104625002  0.0725229681
  0.104875006  0.0719112605
  0.105125003  0.0713069811
  0.105375007  0.0707099363
  0.105625004  0.0701200366
  0.105875  0.0695370883
  0.106125005  0.06896092
  0.106375001  0.0683914274
  0.106625006  0.0678284094
  0.106875002  0.067271769
  0.107125007  0.0667212978
  0.107375003  0.0661768988
  0.107625  0.0656383932
  0.107875004  0.0651055947
  0.108125001  0.0645784587
  0.108375005  0.0640568733
  0.108625002  0.0635408238
  0.108875006  0.0630302206
  0.109125003  0.0625250563
  0.109375  0.0620252416
  0.109625004  0.0615307204
  0.109875001  0.0610414632
  0.110125005  0.0605573989
  0.110375002  0.0600784905
  0.110625006  0.0596046597
  0.110875003  0.0591358766
  0.111125007  0.0586720668
  0.111375004  0.0582132116
  0.111625001  0.0577592254
  0.111875005  0.0573100448
  0.112125002  0.0568656586
  0.112375006  0.0564259738
  0.112625003  0.0559909679
  0.112875007  0.055560559
  0.113125004  0.0551347211
  0.113375001  0.0547133833
  0.113625005  0.0542964898
  0.113875002  0.053884007
  0.114125006  0.0534758493
  0.114375003  0.0530719943
  0.114625007  0.0526723638
  0.114875004  0.0522769317
  0.115125  0.0518856272
  0.115375005  0.051498387
  0.115625001  0.051115185
  0.115875006  0.0507359356
  0.116125003  0.0503606163
  0.116375007  0.0499891452
  0.116625004  0.0496214963
  0.116875  0.0492575988
  0.117125005  0.0488973968
  0.117375001  0.0485408567
  0.117625006  0.0481878966
  0.117875002  0.0478384867
  0.118125007  0.0474925563
  0.118375003  0.0471500754
  0.118625008  0.046810966
  0.118875004  0.0464751869
  0.119125001  0.0461426862
  0.119375005  0.0458133966
  0.119625002  0.0454872809
  0.119875006  0.0451642685
  0.120125003  0.044844348
  0.120375007  0.0445274599
  0.120625004  0.044213593
  0.120875001  0.0439027213
  0.121125005  0.0435947925
  0.121375002  0.0432898067
  0.121625006  0.0429877266
  0.121875003  0.0426885188
  0.122125007  0.0423921533
  0.122375004  0.0420986116
  0.122625001  0.0418078639
  0.122875005  0.0415198728
  0.123125002  0.0412346199
  0.123375006  0.0409520678
  0.123625003  0.0406722017
  0.123875007  0.0403949767
  0.124125004  0.0401203819
  0.124375001  0.0398483798
  0.124625005  0.0395789333
  0.124875002  0.0393120311
  0.125125006  0.0390476324
  0.125375018  0.0387857072
  0.125625014  0.0385262482
  0.125875011  0.0382692143
  0.126125008  0.0380145684
  0.126375005  0.0377622992
  0.126625016  0.0375123508
  0.126875013  0.0372647308
  0.12712501  0.0370193906
  0.127375007  0.036776308
  0.127625018  0.0365354307
  0.127875015  0.0362967737
  0.128125012  0.0360602848
  0.128375009  0.0358259343
  0.128625005  0.0355937034
  0.128875017  0.0353635363
  0.129125014  0.0351354405
  0.129375011  0.0349093787
  0.129625008  0.0346853137
  0.129875019  0.0344632119
  0.130125016  0.0342430659
  0.130375013  0.0340248346
  0.13062501  0.0338084921
  0.130875006  0.0335940123
  0.131125018  0.0333813466
  0.131375015  0.0331704989
  0.131625012  0.0329614207
  0.131875008  0.0327540971
  0.132125005  0.0325484909
  0.132375017  0.0323445946
  0.132625014  0.0321424045
  0.13287501  0.0319418982
  0.133125007  0.0317430645
  0.133375019  0.03154587
  0.133625016  0.0313503295
  0.133875012  0.0311564133
  0.134125009  0.03096411
  0.134375006  0.0307734087
  0.134625018  0.0305842739
  0.134875014  0.0303967241
  0.135125011  0.0302107241
  0.135375008  0.0300262664
  0.13562502  0.0298433229
  0.135875016  0.0296619013
  0.136125013  0.0294819828
  0.13637501  0.0293035395
  0.136625007  0.0291265659
  0.136875018  0.0289510414
  0.137125015  0.0287769642
  0.137375012  0.0286043137
  0.137625009  0.0284330714
  0.137875006  0.028263228
  0.138125017  0.0280947573
  0.138375014  0.0279276669
  0.138625011  0.0277619231
  0.138875008  0.0275975261
  0.139125019  0.0274344422
  0.139375016  0.027272677
  0.139625013  0.027112212
  0.13987501  0.0269530248
  0.140125006  0.0267951097
  0.140375018  0.0266384333
  0.140625015  0.0264830105
  0.140875012  0.0263288114
  0.141125008  0.0261758212
  0.141375005  0.0260240287
  0.141625017  0.0258734077
  0.141875014  0.025723964
  0.14212501  0.0255756751
  0.142375007  0.0254285205
  0.142625019  0.0252824835
  0.142875016  0.0251375642
  0.143125013  0.0249937437
  0.143375009  0.0248510018
  0.143625006  0.024709329
  0.143875018  0.0245686993
  0.144125015  0.0244291238
  0.144375011  0.0242905803
  0.144625008  0.0241530724
  0.14487502  0.0240165778
  0.145125017  0.0238811094
  0.145375013  0.0237466507
  0.14562501  0.0236131959
  0.145875007  0.0234807357
  0.146125019  0.0233492572
  0.146375015  0.0232187733
  0.146625012  0.0230892655
  0.146875009  0.0229607243
  0.147125006  0.0228331499
  0.147375017  0.0227065235
  0.147625014  0.0225808509
  0.147875011  0.0224561263
  0.148125008  0.0223323386
  0.148375019  0.022209473
  0.148625016  0.022087533
  0.148875013  0.0219665151
  0.14912501  0.0218464024
  0.149375007  0.021727195
  0.149625018  0.0216088761
  0.149875015  0.0214914549
  0.150125012  0.0213749129
  0.150375009  0.021259252
  0.15062502  0.0211444497
  0.150875017  0.0210305192
  0.151125014  0.0209174436
  0.151375011  0.0208052192
  0.151625007  0.020693833
  0.151875019  0.0205832813
  0.152125016  0.020473564
  0.152375013  0.0203646682
  0.152625009  0.0202565882
  0.152875006  0.0201493185
  0.153125018  0.020042846
  0.153375015  0.0199371725
  0.153625011  0.0198322888
  0.153875008  0.0197281875
  0.15412502  0.0196248572
  0.154375017  0.0195222981
  0.154625013  0.0194205064
  0.15487501  0.0193194691
  0.155125007  0.0192191768
  0.155375019  0.0191196222
  0.155625015  0.0190208107
  0.155875012  0.0189227276
  0.156125009  0.0188253671
  0.156375006  0.0187287182
  0.156625018  0.018632777
  0.156875014  0.01853754
  0.157125011  0.0184429996
  0.157375008  0.0183491483
  0.15762502  0.0182559714
  0.157875016  0.0181634761
  0.158125013  0.0180716496
  0.15837501  0.0179804843
  0.158625007  0.0178899746
  0.158875018  0.0178001076
  0.159125015  0.0177108869
  0.159375012  0.0176222995
  0.159625009  0.0175343435
  0.15987502  0.0174470041
  0.160125017  0.0173602812
  0.160375014  0.0172741711
  0.160625011  0.0171886589
  0.160875008  0.0171037409
  0.161125019  0.0170194078
  0.161375016  0.0169356596
  0.161625013  0.016852485
  0.16187501  0.0167698823
  0.162125006  0.0166878384
  0.162375018  0.0166063439
  0.162625015  0.0165254027
  0.162875012  0.0164450016
  0.163125008  0.0163651351
  0.16337502  0.016285792
  0.163625017  0.016206976
  0.163875014  0.0161286723
  0.16412501  0.016050877
  0.164375007  0.0159735829
  0.164625019  0.0158967767
  0.164875016  0.0158204641
  0.165125012  0.0157446302
  0.165375009  0.0156692732
  0.165625021  0.0155943781
  0.165875018  0.015519945
  0.166125014  0.01544597
  0.166375011  0.0153724402
  0.166625008  0.0152993528
  0.16687502  0.0152266929
  0.167125016  0.015154467
  0.167375013  0.0150826592
  0.16762501  0.0150112659
  0.167875007  0.0149402795
  0.168125018  0.0148696955
  0.168375015  0.0147995185
  0.168625012  0.014729742
  0.168875009  0.0146603677
  0.169125021  0.0145913875
  0.169375017  0.0145228086
  0.169625014  0.0144546255
  0.169875011  0.0143868374
  0.170125008  0.0143194413
  0.170375019  0.0142524308
  0.170625016  0.0141858151
  0.170875013  0.0141195878
  0.17112501  0.0140537471
  0.171375021  0.0139882881
  0.171625018  0.0139232166
  0.171875015  0.013858526
  0.172125012  0.0137942163
  0.172375008  0.0137302848
  0.17262502  0.0136667285
  0.172875017  0.0136035504
  0.173125014  0.0135407466
  0.17337501  0.0134783145
  0.173625007  0.0134162558
  0.173875019  0.0133545613
  0.174125016  0.0132932402
  0.174375013  0.0132322842
  0.174625009  0.0131716933
  0.174875021  0.0131114637
  0.175125018  0.0130515993
  0.175375015  0.0129920943
  0.175625011  0.0129329497
  0.175875008  0.0128741609
  0.17612502  0.0128157251
  0.176375017  0.0127576478
  0.176625013  0.0126999235
  0.17687501  0.0126425494
  0.177125007  0.0125855245
  0.177375019  0.0125288442
  0.177625015  0.0124725141
  0.177875012  0.0124165304
  0.178125009  0.0123608904
  0.178375021  0.0123055885
  0.178625017  0.0122506293
  0.178875014  0.0121960109
  0.179125011  0.0121417288
  0.179375008  0.0120877819
  0.179625019  0.0120341666
  0.179875016  0.0119808884
  0.180125013  0.0119279409
  0.18037501  0.0118753221
  0.180625021  0.0118230302
  0.180875018  0.011771067
  0.181125015  0.011719428
  0.181375012  0.0116681149
  0.181625009  0.0116171222
  0.18187502  0.0115664471
  0.182125017  0.0115160933
  0.182375014  0.011466058
  0.182625011  0.0114163402
  0.182875007  0.0113669345
  0.183125019  0.011317838
  0.183375016  0.0112690572
  0.183625013  0.0112205874
  0.183875009  0.0111724241
  0.184125021  0.0111245643
  0.184375018  0.0110770138
  0.184625015  0.0110297659
  0.184875011  0.0109828198
  0.185125008  0.0109361745
  0.18537502  0.0108898273
  0.185625017  0.010843778
  0.185875013  0.0107980259
  0.18612501  0.0107525671
  0.186375022  0.0107073998
  0.186625019  0.0106625259
  0.186875015  0.0106179416
  0.187125012  0.0105736461
  0.187375009  0.0105296355
  0.187625021  0.0104859099
  0.187875018  0.0104424702
  0.188125014  0.0103993108
  0.188375011  0.0103564346
  0.188625008  0.0103138359
  0.18887502  0.010271512
  0.189125016  0.0102294674
  0.189375013  0.0101876967
  0.18962501  0.0101461988
  0.189875022  0.010104971
  0.190125018  0.0100640133
  0.190375015  0.0100233257
  0.190625012  0.00998290442
  0.190875009  0.00994274858
  0.19112502  0.00990285352
  0.191375017  0.00986322295
  0.191625014  0.00982385408
  0.191875011  0.00978474133
  0.192125008  0.00974588748
  0.192375019  0.00970728323
  0.192625016  0.00966892857
  0.192875013  0.00963082351
  0.19312501  0.00959295966
  0.193375021  0.00955533609
  0.193625018  0.00951794907
  0.193875015  0.00948079769
  0.194125012  0.00944387726
  0.194375008  0.00940718409
  0.19462502  0.00937071256
  0.194875017  0.00933446642
  0.195125014  0.00929843821
  0.19537501  0.0092626242
  0.195625022  0.0092270216
  0.195875019  0.00919162948
  0.196125016  0.00915644318
  0.196375012  0.00912145991
  0.196625009  0.00908667594
  0.196875021  0.00905208755
  0.197125018  0.00901769381
  0.197375014  0.00898349006
  0.197625011  0.0089494735
  0.197875008  0.00891564228
  0.19812502  0.00888198894
  0.198375016  0.00884851627
  0.198625013  0.00881521776
  0.19887501  0.00878209155
  0.199125022  0.00874913111
  0.199375018  0.00871633831
  0.199625015  0.00868370757
  0.199875012  0.008651237
